3 1 0 0 814.5 144.5 65.5 
3 2 0 0 1098 321.5 94.4 
3 3 0 0 501 128 67.1 
3 4 0 0 1468 355 65 
3 5 0 0 1314 257 95.3 
3 6 0 0 1792 123 72.8 
3 7 0 0 336.5 221.5 128.3 
3 8 0 0 1712.5 397 100.3 
4 1 4.05846 4.05846 819.5 147 64.6 
4 2 4.11826 4.11826 1102 321 93.4 
4 3 1.95936 1.95936 503 125.5 65.1 
4 4 2.80588 2.80588 1472.5 354.5 63.2 
4 5 4.2182 4.2182 1318.5 257.5 96.2 
4 6 0.961044 0.961044 1793.5 122.5 73.4 
4 7 1.87096 1.87096 337.5 222 131.4 
4 8 8.24111 8.24111 1706.5 396 105.4 
5 1 3.96997 3.90429 824 147 64.4 
5 2 3.5616 3.10043 1105.5 320.5 91.9 
5 3 2.27078 2.56956 506 127 65.4 
5 4 4.9679 7.05912 1482 356.5 64.9 
5 5 3.26159 2.19986 1320 257 98.5 
5 6 3.16754 5.34084 1799.5 119.5 76.1 
5 7 2.66566 3.53915 339.5 224.5 126.7 
5 8 5.24302 2.72333 1708.5 396.5 100.1 
6 1 3.71369 3.1588 828.5 148 64.3 
6 2 4.45181 6.12546 1111.5 320 92.8 
6 3 2.30628 2.47867 509 128 64 
6 4 4.61545 3.64493 1487.5 357 66.5 
6 5 3.27874 3.31257 1323 256.5 98.2 
6 6 2.18998 0.330732 1799.5 119 74.7 
6 7 2.08262 0.619445 339 224.5 131.6 
6 8 5.41657 6.13037 1712.5 404.5 95.9 
7 1 3.00059 0.870039 829.5 149 63.5 
7 2 3.7928 2.01739 1113.5 320.5 91.9 
7 3 2.58778 3.34759 513 130 64.9 
7 4 4.49743 4.28448 1493.5 356.5 66 
7 5 3.36084 3.35781 1326.5 256.5 100.9 
7 6 2.28117 2.55477 1802.5 118 74.7 
7 7 2.82342 5.16878 342 225.5 127.9 
7 8 4.91354 3.55478 1711.5 412 92.8 
8 1 3.50937 5.61085 836 153.5 63.5 
8 2 3.41101 2.00082 1115 320 91 
8 3 2.73676 3.33851 517 132.5 64.7 
8 4 4.97697 6.67684 1502.5 359 67.3 
8 5 3.22354 2.32672 1328 256.5 103.8 
8 6 2.73539 4.47716 1807 115.5 75.7 
8 7 2.26246 0.249527 342 225.5 126 
8 8 4.30798 1.75505 1710 415 93.3 
9 1 3.38705 2.47208 839.5 155 64 
9 2 3.34195 2.99244 1118 320 91.6 
9 3 2.97065 4.14667 522 134 64.5 
9 4 4.90092 4.36252 1508 360 67.8 
9 5 3.41546 4.51179 1332.5 256 102.7 
9 6 2.62607 1.76874 1809 115.5 77.3 
9 7 2.14211 1.64062 341.5 225 125.9 
9 8 3.87838 1.53983 1711.5 417.5 95 
10 1 3.41162 3.90926 844 155 63.3 
10 2 3.43379 3.98898 1122 320 91 
10 3 3.04826 3.32318 526 134.5 64.4 
10 4 5.13515 6.50888 1517 361 68.1 
10 5 3.41052 3.38087 1335.5 256 102.7 
10 6 3.07304 6.0214 1816.5 113.5 76.1 
10 7 2.62796 5.13814 344 225.5 129.6 
10 8 3.5374 2.92731 1712.5 423 88.3 
11 1 3.32864 2.46162 847 157.5 64 
11 2 3.41259 3.08194 1125.5 319.5 91.4 
11 3 3.1161 4.12426 531 136 62.5 
11 4 5.0016 4.44625 1523 363 67.4 
11 5 3.46154 4.41018 1339 256 100.5 
11 6 2.82613 2.04559 1818.5 111.5 73 
11 7 2.42581 2.14861 345 227 123.1 
11 8 3.62026 3.54701 1710 429.5 91.1 
12 1 3.24919 2.42325 850.5 158.5 65 
12 2 3.56854 5.02706 1130 320 90.5 
12 3 3.29737 4.90623 537.5 139 61.9 
12 4 5.13336 5.76238 1531 363 68.1 
12 5 3.59509 4.43257 1343.5 256 101.2 
12 6 2.68122 1.90295 1820.5 113 71 
12 7 3.2168 9.77035 351.5 232.5 120.1 
12 8 3.43613 2.0717 1709 433 91 
13 1 3.31755 3.39974 854 161 66 
13 2 3.61477 4.0359 1134 319.5 90.3 
13 3 3.38632 3.57113 541 143 64.5 
13 4 4.83585 2.90909 1535.5 362.5 67 
13 5 3.59831 3.35414 1346 256 101.9 
13 6 2.95372 5.55201 1827 112.5 70.5 
13 7 3.3311 5.99519 347.5 230.5 113.8 
13 8 3.50452 4.63821 1705 433 89.4 
14 1 3.29068 3.24114 858.5 162 65.3 
14 2 3.50265 2.10572 1136.5 318.5 90.8 
14 3 3.42847 4.09562 546.5 144 63.5 
14 4 5.02528 7.66845 1546 362.5 66 
14 5 3.52442 3.38384 1349 257 100.5 
14 6 3.37347 6.59864 1835 111.5 72.6 
14 7 3.21508 0.922639 347 230.5 120.2 
14 8 3.20585 2.19604 1706.5 437 83.5 
15 1 3.39966 4.81159 864 163 65 
15 2 3.52299 4.03715 1140 319.5 90.3 
15 3 3.45801 3.51111 550 148 64.5 
15 4 4.86446 2.22105 1549.5 363.5 67 
15 5 3.50529 3.29492 1352 257 100.5 
15 7 2.99119 1.2701 347 228.5 115.9 
15 8 3.16411 4.25332 1702.5 438.5 79.4 
16 1 3.363 2.43419 867 163 65.6 
16 2 3.48205 2.99077 1143 319.5 90.3 
16 3 3.42686 2.77466 553.5 152 65.2 
16 4 4.80969 5.03221 1556 365 66.1 
16 5 3.54885 3.36125 1355 257 101.9 
16 7 3.40188 8.91691 353 232.5 114.3 
16 8 2.92127 1.13483 1703 438.5 76.8 
17 1 3.4188 3.32892 871.5 164.5 66.6 
17 2 3.7028 5.1627 1148 319.5 92.6 
17 3 3.28602 1.67089 555 153 65.3 
17 4 4.89095 4.96332 1563.5 365 67.1 
17 5 3.57861 5.47652 1360 256.5 98.8 
17 7 3.25591 3.27278 351.5 229 108.7 
17 8 3.26995 7.32525 1707.5 455.5 77.9 
18 1 3.28307 1.67469 873 165.5 66.3 
18 2 3.67289 4.06018 1152 319 91.1 
18 3 3.14599 0.892931 556.5 154.5 65.8 
18 4 4.94262 5.69733 1571.5 364.5 67 
18 5 3.67948 3.39693 1363 256 101.9 
18 7 3.07058 0.115491 351 229 109.5 
18 8 3.56934 4.09004 1704.5 460.5 85.1 
19 1 3.25391 2.50167 876.5 166 66.8 
19 2 3.70871 4.23574 1156 317.5 91.4 
19 3 3.13118 3.29815 560 154 64.5 
19 4 4.73847 2.86222 1575 365 65.9 
19 5 3.6899 3.38159 1366.5 256.5 102.3 
19 7 3.21158 6.71173 356 231 106.6 
19 8 3.57194 3.84784 1702 468.5 84.7 
20 1 3.34673 5.10725 882 170.5 67.1 
20 2 3.8487 5.15065 1161 317 92.9 
20 3 2.837 0.620954 560.5 154 62.3 
20 4 4.95059 7.11249 1585.5 364.5 67 
20 5 3.52414 2.33672 1368 257 100.5 
20 7 3.50383 5.77584 360.5 233.5 113.1 
20 8 3.33595 0.860232 1702 466 82.4 
21 1 3.4055 3.36576 886.5 171 67.8 
21 2 3.6697 2.1495 1163.5 318 90.5 
21 3 2.96034 4.77564 566 157.5 62.7 
21 4 4.8136 2.44979 1588.5 366 67.1 
21 5 3.4878 3.351 1371.5 256.5 100.1 
21 7 3.5328 2.92488 362.5 234 115.3 
21 8 3.1601 2.43059 1701.5 472.5 78.3 
22 1 3.46744 3.4177 890 171 68.6 
22 2 3.58231 2.0093 1165.5 318 90.5 
22 3 2.92336 1.69609 568 159 63 
22 4 4.60137 3.46744 1593.5 366.5 65.1 
22 5 3.59453 4.44517 1375.5 256.5 102.2 
22 7 3.51075 1.895 363.5 236.5 117.6 
22 8 3.50315 7.87055 1694 474 81.1 
23 1 3.46195 5.0535 896 173 66.7 
23 2 3.67195 5.35649 1170.5 315.5 90.8 
23 3 2.83999 0.996703 569.5 161 62.9 
23 4 4.91644 9.13087 1606.5 367 66.2 
23 5 3.52199 3.28771 1378.5 256.5 100.1 
23 7 3.71035 6.09447 367.5 238.5 120.7 
23 8 3.31752 3.60779 1691.5 478 75.4 
24 1 3.43081 4.10078 901.5 174 65.5 
24 2 3.87686 6.22076 1176 314.5 93.2 
24 3 2.81941 2.45945 572.5 163 62.5 
24 4 4.70618 1.5154 1608.5 368 65.6 
24 5 3.62143 4.43793 1382.5 256.5 101.5 
24 7 3.51954 1.24892 367.5 240.5 117.6 
24 8 3.22262 2.41784 1691.5 486 73 
25 1 3.444 3.2964 905 175.5 65.5 
25 2 3.82373 2.07688 1178.5 314.5 93.8 
25 3 2.8611 4.72736 578 165.5 61.6 
25 4 4.87809 6.40924 1617.5 367 66.8 
25 5 3.65822 4.43077 1386.5 256.5 101.5 
25 7 3.42209 4.78597 370 244 111.7 
25 8 3.14597 1.21695 1690 488 73.3 
26 1 3.51874 4.20739 910 177 66.3 
26 2 3.79135 3.1109 1181.5 314 93.5 
26 3 2.82747 2.40194 581.5 167 61.6 
26 4 4.77926 4.86449 1624.5 367.5 65.5 
26 5 3.67447 3.35416 1389 256.5 102.3 
26 7 3.51564 1.08753 370 244 119.1 
26 8 3.62629 13.4547 1678.5 499 73.5 
27 1 3.39388 2.46249 913 178.5 65.4 
27 2 3.82461 5.29291 1186 312.5 92.6 
27 3 2.89013 3.91862 586 168 62.2 
27 4 4.86808 6.95416 1634.5 368 65.4 
27 5 3.4921 3.37127 1392 257 97.7 
27 7 3.40608 1.45665 369.5 244.5 118.9 
27 8 3.83825 6.84439 1672 501 73.7 
28 1 3.49743 4.96829 919 180 66.1 
28 2 3.61255 1.2617 1187 313.5 90.3 
28 3 2.98853 4.87527 592.5 172.5 63 
28 4 5.02479 5.0358 1641.5 368 67.3 
28 5 3.65349 5.46165 1397.5 257.5 100.1 
28 7 3.16447 1.17503 369 243.5 112.3 
28 8 4.05603 7.15646 1666 505 74.1 
29 1 3.49868 5.61698 926 181 65 
29 2 3.62856 3.98804 1191 313 90.5 
29 3 3.10937 4.06784 597 173.5 63.8 
29 4 5.10683 5.10282 1648 368 68.3 
29 5 3.64252 3.35398 1400.5 258 100.4 
29 7 3.05717 4.03472 372 244.5 106.7 
29 8 3.72399 3.3909 1664.5 514 68.3 
30 1 3.4604 2.42496 929 182 65.4 
30 2 3.62828 4.95382 1196 312.5 89.6 
30 3 3.13721 4.84262 603 175.5 63 
30 4 5.10177 7.18884 1658.5 369 67 
30 5 3.70169 4.45958 1404 257 101.1 
30 7 2.94313 1.48542 371 243.5 103.3 
30 8 3.6669 5.24861 1659.5 516 65.3 
31 1 3.47909 3.37986 933.5 185 66.1 
31 2 3.54164 1.9557 1198.5 312 88.8 
31 3 3.20295 3.4045 607.5 178 64.3 
31 4 4.93351 1.81595 1660.5 367.5 66.5 
31 5 3.61824 2.18185 1406.5 257 100.4 
31 7 3.05746 5.1805 375.5 244.5 106 
31 8 3.60843 8.24487 1667.5 530 64.8 
32 1 3.36684 2.36434 935.5 190.5 65.9 
32 2 3.60646 3.96354 1202.5 312 89.9 
32 3 3.25488 4.1488 612 180.5 64.7 
32 4 5.06389 7.18574 1670.5 368 67.3 
32 5 3.61574 4.3868 1410 256.5 99.4 
32 7 3.08946 2.83638 377.5 246 106.9 
32 8 3.71075 9.04382 1657.5 535.5 62.8 
33 1 3.35393 2.37406 938 190 66.4 
33 2 3.592 3.97928 1206 311.5 89.1 
33 3 3.185 1.74465 614.5 182 64.3 
33 4 4.95822 4.91304 1677.5 368.5 66.1 
33 5 3.53759 2.15482 1412.5 256.5 98.1 
33 7 3.1376 3.96749 380 246.5 107.1 
33 8 3.43033 2.98715 1654 541.5 59.5 
34 1 3.29812 1.58126 940 190.5 66.6 
34 2 3.711 4.06915 1210 311 91.1 
34 3 3.25346 4.14304 619.5 183.5 65 
34 4 4.93363 3.52182 1682 368.5 66.2 
34 5 3.58942 3.36878 1415.5 257.5 100.1 
34 7 3.61301 10.5838 387.5 251.5 113.8 
34 8 4.71549 22.0403 1633 543.5 68.5 
35 1 3.23548 2.37145 943 191.5 66.3 
35 2 3.80871 4.20005 1214.5 310.5 92.6 
35 3 3.23304 4.92469 625.5 186.5 64 
35 4 4.74083 3.4454 1687 368.5 64.3 
35 5 3.58789 4.38838 1419 256.5 100 
35 7 3.60774 1.92005 388 253.5 117.2 
35 8 4.44403 9.97814 1623.5 533 58.9 
36 1 3.23272 3.14438 947 192.5 66.3 
36 2 3.73147 4.07 1218 310 90.6 
36 3 3.35795 4.50941 630.5 191 66.8 
36 4 4.68871 6.04703 1696 369.5 63.1 
36 5 3.57766 2.31414 1421.5 257.5 100.7 
36 7 3.48887 0.573584 388.5 254 117 
36 8 4.37517 8.82084 1614 550.5 57.3 
37 1 3.19734 3.27909 951 195 65.6 
37 2 3.77279 5.09824 1223 309.5 90.8 
37 3 3.30563 1.68616 632.5 192 66.4 
37 4 4.77903 5.46059 1704.5 370 63.9 
37 5 3.54699 5.3823 1426 258 98.3 
37 7 3.4924 1.51057 387.5 254 118.7 
37 8 4.18299 4.20687 1613.5 567 58.2 
38 1 3.18904 2.43395 954.5 197.5 65.3 
38 2 3.69706 3.97182 1227.5 309.5 89.2 
38 3 3.24184 2.4788 635.5 193 65.5 
38 4 4.63619 1.46236 1706.5 369.5 63.2 
38 5 3.44739 1.07782 1427.5 258 97 
38 7 3.3702 2.85838 389.5 254.5 117.1 
38 8 3.92773 3.0188 1613 579 55.5 
39 1 3.20613 3.89693 959.5 198.5 65 
39 2 3.91856 5.56171 1232.5 306.5 93.2 
39 3 3.14575 3.41717 639.5 197.5 64.4 
39 4 4.53996 5.90525 1715.5 370.5 61.5 
39 5 3.47068 5.22723 1432 258 96.4 
39 7 3.26361 1.86862 390.5 256.5 114.2 
39 8 3.72132 4.00857 1608 587 52.3 
40 1 3.05929 1.6168 961.5 199 63.2 
40 2 3.92751 4.19516 1236.5 307 93.5 
40 3 3.13642 1.59288 641.5 197 64.8 
40 4 4.72477 7.35702 1726 370 62.8 
40 5 3.38611 1.27644 1433.5 257.5 96 
40 7 3.34641 4.31934 393.5 257.5 115.9 
40 8 3.6466 3.30047 1603.5 590.5 51.2 
41 1 3.06065 4.46528 967.5 200.5 62.2 
41 2 3.90764 4.16559 1240 306 93.4 
41 3 3.06048 2.54039 644.5 200 64.5 
41 4 4.69088 3.38495 1731 369.5 62.9 
41 5 3.48637 5.27178 1438.5 257 97 
41 7 3.25137 1.83335 394.5 259.5 114.2 
41 8 4.04955 17.8512 1577.5 594.5 50.6 
42 1 3.05847 3.68552 972 200.5 61.6 
42 2 3.86278 2.15791 1242 305 93.4 
42 3 3.03896 3.11465 648 201 63.5 
42 4 4.6864 5.34614 1739.5 370 62.8 
42 5 3.47874 4.18125 1442 257.5 96.7 
42 7 3.18743 1.37955 395 259.5 114.5 
42 8 4.35696 16.2245 1554 591 48.5 
43 1 3.12973 6.10231 980 205 60.8 
43 2 3.81222 4.10879 1246 304 92.2 
43 3 2.99862 0.779301 647.5 201 63.7 
43 4 4.66845 4.02524 1745.5 369.5 62.7 
43 5 3.47319 2.2303 1444.5 258 97 
43 7 3.36061 5.81397 399 260.5 118 
43 8 4.64873 14.4752 1534.5 602.5 48.4 
44 1 3.1981 3.04248 984 205.5 62.3 
44 2 3.77249 1.02703 1247.5 304 92.8 
44 3 3.03497 3.16187 651.5 202 64.3 
44 4 4.86448 4.89476 1752.5 369 65.1 
44 5 3.43967 3.13629 1447 258.5 96.7 
44 7 3.25278 0.702927 399.5 261 115.3 
44 8 4.38661 5.43755 1537 624.5 49 
45 1 3.28306 3.87446 989 206.5 63 
45 2 3.66894 4.04219 1251.5 303.5 90.2 
45 3 3.01786 2.37894 654.5 203.5 64.1 
45 4 4.73306 2.34638 1755 367.5 64.3 
45 5 3.30572 1.12164 1448.5 258.5 94.2 
45 7 3.17522 5.46822 403 262 111.2 
45 8 4.14391 5.23931 1529.5 634 45.3 
46 1 3.30061 3.9146 994 208 63.5 
46 2 3.70461 3.99106 1255 303 91 
46 3 3.1163 3.35484 658 205.5 66.2 
46 4 4.79463 9.45185 1769 367 63.6 
46 5 3.27523 3.0398 1451 258.5 93.5 
46 7 3.084 1.17511 403 260.5 110.2 
46 8 3.94686 2.11366 1526.5 639.5 43.1 
47 1 3.31655 1.57929 996.5 208.5 64.1 
47 2 3.71058 4.03916 1259 302.5 90.8 
47 3 3.10473 4.0577 663 207 65.8 
47 4 4.867 4.80582 1776.5 367 64.5 
47 5 3.3679 5.19741 1456 257.5 94.8 
47 7 3.02789 2.85369 405 262 108.2 
47 8 4.07836 12.1589 1503.5 649 42 
48 1 3.35085 3.96649 1001 209 64.5 
48 2 3.66453 2.976 1262.5 302.5 89.7 
48 3 3.0305 1.29291 664 210 65.3 
48 4 4.65666 2.7548 1780 366.5 62.6 
48 5 3.36449 3.17057 1459 258 95.1 
48 7 3.03222 2.61853 407.5 262 107.9 
49 1 3.33395 3.21973 1005.5 211.5 65.2 
49 2 3.62148 3.01387 1265 301.5 88.6 
49 3 3.0997 5.60508 671.5 212 65.2 
49 4 4.66086 5.94775 1789.5 367 62.2 
49 5 3.38676 3.11786 1462.5 258 96.3 
49 7 2.99291 1.42156 408.5 263.5 107.4 
49 8 4.61056 16.8334 1441.5 658 39.9 
50 1 3.42553 4.04628 1010.5 212 66.1 
50 2 3.65102 4.94708 1270 302 88.9 
50 3 3.03302 4.67374 677.5 214.5 63.4 
50 4 4.65978 0.307156 1789.5 367 63.3 
50 5 3.23639 2.247 1464 259.5 92.3 
50 7 2.95942 1.4191 409.5 264.5 107.4 
50 8 4.79501 11.1603 1424 688.5 43 
51 1 3.36308 4.06514 1015.5 215 65.4 
51 2 3.63907 3.01038 1273 301.5 89.1 
51 3 3.0408 4.59932 683 215.5 62.1 
51 4 4.6938 4.07422 1795.5 367 63.9 
51 5 3.22765 4.02211 1468.5 258.5 91.2 
51 7 3.01939 4.32287 412 267.5 109.2 
51 8 4.42648 5.40292 1416 704 38.4 
52 1 3.3969 3.18189 1019.5 215.5 65.7 
52 2 3.67041 3.9577 1277.5 301 89.4 
52 3 3.04083 1.57362 685 216.5 62.2 
52 4 4.48127 5.25416 1803.5 366 60.9 
52 5 3.31928 4.13567 1472 259.5 93.5 
52 7 2.99821 1.75157 413 269 109.7 
52 8 4.28644 5.66752 1403.5 709 36 
53 1 3.39428 4.03268 1024.5 217 65.5 
53 2 3.80333 5.12196 1282.5 301 91.7 
53 3 3.03464 3.84213 690.5 218.5 61.9 
53 4 4.90594 7.72057 1814.5 365.5 65 
53 5 3.30391 2.04766 1474.5 259 94.4 
53 7 2.97562 1.30977 414.5 269.5 109.4 
53 8 4.13028 7.65117 1384.5 714 32.5 
54 1 3.33234 3.94 1029 218 64 
54 2 3.76298 4.03307 1286.5 301 90 
54 3 3.0213 1.64221 692.5 220 62 
54 4 4.69787 2.72973 1818 365.5 63.5 
54 5 3.32502 3.06179 1477.5 259.5 94.7 
54 7 3.07137 5.38169 418.5 268.5 111 
54 8 4.36879 17.1271 1341 719.5 31.1 
55 1 3.26614 1.57871 1031 219.5 64 
55 2 3.77335 5.06737 1291 301 91.1 
55 3 3.03693 3.09635 696.5 222 62 
55 5 3.29621 3.0452 1480 259.5 93.5 
55 7 3.10835 1.35587 419 268.5 111.8 
55 8 4.73316 18.5092 1296.5 733 31.5 
56 1 3.37411 3.23682 1035.5 221 65.4 
56 2 3.78625 1.20575 1292.5 300.5 92 
56 3 2.97953 2.32766 699 224 62 
56 5 3.34119 4.08358 1484.5 259.5 94.2 
56 7 3.128 2.82107 417 267 112.8 
56 8 4.83377 13.502 1267.5 779.5 31.8 
57 1 3.28714 3.18232 1039.5 223.5 65 
57 2 3.82031 5.10158 1297 299.5 91.4 
57 3 2.99814 1.66341 701.5 226 62.7 
57 5 3.38923 3.17459 1487 260 95.1 
57 7 3.07473 4.14973 420.5 269.5 108.4 
57 8 4.68022 6.00337 1251.5 791 29.6 
58 1 3.27661 3.54802 1043.5 228 65 
58 2 3.97481 6.26526 1303.5 298 93.5 
58 3 2.93373 2.27847 704.5 227.5 62.1 
58 5 3.46332 5.23128 1492 260 96.4 
58 7 3.17613 2.79921 422.5 270.5 112 
58 8 4.6681 8.98471 1223.5 803.5 27.5 
59 1 3.29822 3.18526 1047.5 230.5 65.3 
59 2 3.9113 1.0368 1304.5 298 93.5 
59 3 3.05078 4.02859 709.5 230 63.7 
59 5 3.49315 3.16865 1495.5 260 97.6 
59 7 3.10999 1.34675 423.5 270.5 111 
59 8 4.72151 11.2326 1186 797 25.4 
60 1 3.28503 4.6405 1053 232 64 
60 2 3.85413 3.31546 1307.5 296.5 92 
60 3 3.03184 3.91276 714 232.5 63.3 
60 5 3.50629 2.27513 1497.5 259.5 98.7 
60 7 3.07245 4.07986 426 272 108.2 
60 8 5.00246 18.3432 1126.5 807.5 25.2 
61 1 3.26893 2.30056 1056.5 231 64.1 
61 2 3.77383 4.02872 1311.5 296 90.5 
61 3 3.0583 3.3236 718.5 235.5 64.8 
61 5 3.49779 5.31649 1502 259.5 97.4 
61 7 3.23234 8.63185 432 276.5 113.4 
61 8 5.56137 22.5711 1057 840 26.9 
62 1 3.24712 3.81312 1061.5 233.5 63.7 
62 2 3.65818 1.20019 1312.5 295 88.9 
62 3 3.07344 2.42202 721.5 236.5 65.7 
62 5 3.45248 2.23026 1504.5 260 97 
62 7 3.26584 4.40138 435 278 115.6 
62 8 5.51075 10.1162 1026 868.5 25.7 
63 1 3.32514 2.37896 1064 234 65.2 
63 2 3.64078 3.91176 1316.5 295 87.3 
63 3 3.15264 2.55918 724.5 237.5 67.8 
63 5 3.41636 4.16185 1508.5 260 95.2 
63 7 3.21952 1.52237 436 279 114 
63 8 5.41779 10.6116 986.5 876.5 23.4 
64 1 3.27117 4.56524 1070.5 235.5 64.6 
64 2 3.68718 4.94358 1321 294 87.8 
64 3 3.09264 7.24642 733 240 64.1 
64 5 3.44456 3.2149 1511 261 95.8 
64 7 3.34428 1.63718 437 280 117.4 
64 8 5.25818 9.84703 946 889.5 21 
65 1 3.32045 3.87802 1075 237 64.7 
65 2 3.74986 2.03578 1323.5 294 89.4 
65 3 3.06905 3.27068 737 243.5 63.5 
65 5 3.47177 1.80254 1512 259.5 97.4 
65 7 3.15187 1.8649 436 278 116.8 
65 8 5.56712 20.5613 859.5 896 20.3 
66 1 3.34441 1.60178 1077.5 238.5 65.3 
66 2 3.92755 5.34057 1328.5 293 92.8 
66 3 3.06371 3.09502 741 243.5 62.6 
66 5 3.47883 4.34906 1516.5 260 98.4 
66 7 3.03966 1.38332 435.5 278 115.3 
67 1 3.42124 6.21257 1085 240 65.2 
67 2 3.97897 5.31173 1333 293.5 93.1 
67 3 3.11471 2.51063 744.5 246.5 62.8 
67 5 3.47782 3.21322 1519.5 260 98.4 
67 7 3.1785 2.91466 437 279 118 
67 10 0 0 1592 35 94 
68 1 3.52561 4.72748 1091.5 241 65.7 
68 2 4.13934 4.452 1337.5 293.5 95.4 
68 3 3.13476 2.3638 747.5 246 63.5 
68 5 3.43325 2.25128 1521 259.5 98 
68 7 2.9963 0.823287 437.5 278.5 114.2 
69 1 3.52712 4.01346 1096 243 66 
69 2 4.26623 6.84249 1343 292 96.1 
69 3 3.15564 1.57172 749.5 246.5 63.7 
69 5 3.4992 4.28489 1525.5 259 98.4 
69 7 2.91672 1.40478 436.5 278.5 115.4 
70 1 3.43832 3.89968 1101.5 244.5 63.7 
70 2 4.38431 4.62924 1347 292 96.5 
70 3 3.22571 1.02122 748.5 246 66 
70 5 3.43634 4.20209 1529 259.5 96.1 
70 7 2.85475 4.02437 439.5 278.5 113.1 
70 8 5.47764 15.1448 525.5 945.5 17 
71 1 3.4728 2.48256 1104.5 246 65.5 
71 2 4.48864 3.67835 1350 290.5 97.3 
71 3 3.2841 5.04042 754 249 67.3 
71 5 3.40171 5.15452 1534 259.5 94.3 
71 7 3.44093 14.3254 448.5 284 124.6 
71 8 5.76524 16.213 436 949.5 17.2 
72 1 3.49764 4.75025 1110 248 66.5 
72 2 4.43027 6.96464 1356 289.5 96.1 
72 3 3.3991 0.654957 754 250 69.5 
72 5 3.32896 0.703229 1534.5 260 93.9 
72 7 3.47739 8.02923 453.5 288 124.6 
73 1 3.52963 2.43777 1113.5 247 67.8 
73 2 4.71095 8.88626 1363 285 102 
73 3 3.49546 5.19068 760 250 70.6 
73 5 3.28906 2.04155 1536.5 260.5 94.2 
73 7 3.55434 1.33472 453.5 286.5 127.3 
74 1 3.60115 5.71422 1120 250 68.1 
74 2 4.92289 6.32397 1368.5 284 104.1 
74 3 3.44511 2.61968 763 251 71 
74 5 3.28714 4.0822 1540.5 260 93.9 
74 7 3.50006 0.694875 453 287 129 
75 1 3.5193 3.24978 1124.5 252.5 66.6 
75 2 4.90765 5.11209 1372 282.5 104.8 
75 3 3.41552 5.26428 769 255 69.7 
75 5 3.23532 3.03286 1543.5 260 92.2 
75 7 3.34369 3.04791 455 287.5 123.6 
76 1 3.37266 6.11342 1132.5 256.5 63.3 
76 2 4.79131 4.89343 1376 282 103.8 
76 3 3.51156 8.4973 779 258.5 70.8 
76 5 3.38308 4.29307 1547 259 95.8 
76 7 3.86457 2.6325 456.5 288 138.5 
77 1 3.44175 4.75848 1138 260.5 65.1 
77 2 4.80954 2.4561 1378 282.5 102.5 
77 3 3.37971 5.87572 786.5 262.5 67.8 
77 5 3.34656 2.11437 1549.5 259.5 96.8 
77 7 3.66468 1.83863 457 288.5 131.9 
78 1 3.38513 2.27132 1141 261.5 65.4 
78 2 4.51721 2.6597 1380 280.5 98.5 
78 3 3.35064 2.4458 789.5 263.5 68.2 
78 5 3.33868 4.18428 1553 259 95.8 
78 7 3.34028 2.16309 458.5 289.5 122 
78 11 0 0 648 35.5 117.8 
79 1 3.38012 4.39595 1147.5 261.5 64.8 
79 2 4.57453 4.75511 1384 279 100.2 
79 3 3.45437 4.21363 794.5 263 70.3 
79 5 3.29255 3.11116 1556.5 259.5 95.5 
79 7 3.22827 1.64062 459 289.5 116.7 
80 1 3.49509 1.66051 1149.5 261.5 67.2 
80 2 4.59937 3.57799 1387 278 100.2 
80 3 3.50057 2.00511 796 265 72.9 
80 5 3.38435 4.27247 1560.5 260.5 96.2 
80 7 3.35386 4.74491 462.5 291 120.4 
81 1 3.42248 7.38482 1159 263 63.8 
81 2 4.40435 4.59958 1391.5 277 96.3 
81 3 3.50061 5.23301 802.5 268.5 72.8 
81 5 3.33735 3.13621 1563 260 95.8 
81 7 3.73174 3.92203 460 290.5 134.7 
82 1 3.47765 3.05329 1163 265.5 64.5 
82 2 4.45953 3.50459 1394.5 276 98.3 
82 3 3.51237 5.88818 809 270.5 71 
82 5 3.40552 4.27083 1567.5 259.5 96.2 
82 7 3.97006 12.4206 467 293 137.8 
83 1 3.5831 4.95626 1169.5 270 66.2 
83 2 4.50532 4.93188 1398 273.5 99.3 
83 3 3.32407 0.645336 809 271.5 69 
83 5 3.41055 2.13175 1569 259 97.1 
83 7 3.87642 0.941799 467.5 294 143.3 
84 1 3.59367 2.99308 1173.5 269 65.9 
84 2 4.53893 2.44437 1400 272 101 
84 3 3.39337 2.04853 811 273 72.4 
84 5 3.31165 3.2091 1572.5 260 95.2 
84 7 4.14653 7.78091 471 296 149.3 
85 1 3.72122 2.52687 1176 271 68 
85 2 4.61804 2.54405 1402.5 271 103.9 
85 3 3.42154 2.5988 814 272.5 73.2 
85 5 3.4402 3.33401 1575.5 259.5 98.1 
85 7 3.73959 2.71167 472.5 297.5 133.6 
86 1 3.76283 3.1627 1180 270 69 
86 2 4.24065 2.52801 1404.5 271 97.7 
86 3 3.4069 2.66692 817 274 73.1 
86 5 3.29178 3.23468 1578.5 260 95.2 
86 7 3.90648 5.5542 475.5 300 136.7 
87 1 3.68532 6.80366 1189 272.5 66 
87 2 4.2336 4.52111 1408.5 271.5 95.9 
87 3 3.49497 2.66793 820 275 75 
87 5 3.38564 3.17004 1581.5 260 96.5 
87 7 3.83064 1.8313 476 301 135.6 
88 1 3.77833 6.09571 1197 274 67.1 
88 2 4.22746 5.65962 1413.5 270 95.5 
88 3 3.44504 3.44351 824 276 74.2 
88 5 3.44917 3.29559 1584.5 260.5 98.9 
88 7 3.83534 6.65812 480 301.5 132.5 
89 1 3.78797 4.55836 1203 272.5 65.7 
89 2 4.33453 4.66051 1417 269 96.5 
89 3 3.42053 6.61211 832 277.5 71.5 
89 5 3.38593 2.15686 1586 260.5 96.8 
89 7 3.74891 1.2578 480 299.5 130.9 
89 11 3.09188 3.09188 650.5 52 92.9 
90 1 3.75726 1.73034 1205.5 274 66.5 
90 2 4.41736 6.51269 1422.5 264.5 100 
90 3 3.44754 0.295328 832 277 72.7 
90 5 3.39363 4.34468 1590.5 261 97.8 
90 7 3.95052 5.37636 483.5 301.5 135.8 
91 1 3.8625 6.8374 1214.5 275.5 67.2 
91 2 4.38501 4.60338 1426.5 264.5 97.9 
91 3 3.34705 3.40519 836.5 279 70.6 
91 5 3.51206 3.4668 1593 260.5 101 
91 7 5.0061 11.2218 488 304 157.9 
92 1 3.79432 3.98194 1219 278 67.1 
92 2 4.42441 4.75789 1430 262.5 98.5 
92 3 3.29156 4.77502 842 280.5 67.4 
92 4 2.86204 4.27342 1743 306.5 34.5 
92 5 3.37683 6.37171 1599 260.5 95 
92 7 4.84286 0.675 488 305 157.9 
93 1 3.8906 5.418 1226 280.5 68.2 
93 2 4.46698 1.30671 1431.5 263 99.6 
93 3 3.24897 1.74426 844.5 282.5 67.5 
93 4 2.90561 2.24071 1748 303.5 36 
93 5 3.66315 4.85934 1595.5 258.5 101.7 
93 7 4.71177 1.39372 488 307.5 153.9 
93 13 0 0 1884.5 116 93.1 
94 1 3.99694 2.44398 1229 280.5 70.5 
94 2 4.36367 6.87153 1437.5 261.5 96.6 
94 3 3.51722 6.15901 851 286.5 72.6 
94 4 3.15958 4.17348 1739.5 295.5 36.5 
94 5 4.1618 3.71318 1593 255 112.3 
94 7 4.70436 8.58336 492 310.5 151.4 
95 1 3.90093 5.53386 1236 283 68.7 
95 2 4.43578 4.59036 1441.5 261 97.5 
95 3 3.70125 8.53325 861 289.5 74.1 
95 4 3.02041 4.36324 1729.5 288 36.1 
95 5 4.13581 2.63351 1595 254.5 111.8 
95 7 4.44441 4.17516 494.5 312.5 143 
96 1 3.85207 2.31245 1239.5 284.5 67.5 
96 2 4.3294 1.269 1442 260.5 96.5 
96 3 3.5386 1.97129 863.5 291 71.3 
96 4 3.07608 3.55547 1720 286 35.9 
96 7 4.80449 6.34904 497 313 150.2 
97 1 3.93495 6.84281 1248 286.5 67.9 
97 2 4.32565 4.79814 1446.5 257.5 96.6 
97 3 3.69065 6.67101 871.5 293.5 72.6 
97 4 3.21609 3.18132 1712.5 287 36 
97 7 4.84779 6.30253 500 314 150.2 
98 1 3.93821 3.05094 1252 287.5 68.2 
98 2 4.24544 4.43707 1450 256 95.2 
98 3 3.68881 3.47714 875.5 295.5 73.7 
98 4 3.20661 4.60425 1700.5 287 34.8 
98 7 4.99613 2.19558 501 314.5 154 
98 11 2.21286 1.3141 656.5 63.5 86 
99 1 3.97277 5.35856 1259 289 68.3 
99 2 4.28904 2.55369 1452.5 254.5 97.4 
99 3 3.62557 4.15819 880.5 296 72.8 
99 4 3.53517 4.93333 1687 284.5 34.5 
99 7 5.17443 2.69603 502 316 160.7 
99 11 1.98373 1.53717 657.5 65.5 84.9 
100 1 3.9258 3.13874 1263.5 287.5 67.5 
100 2 4.09289 6.38308 1458.5 254 92.8 
100 3 3.72502 2.87119 883.5 298 76.3 
100 4 3.55609 3.96865 1677 278 33.3 
100 7 5.56097 4.93688 504.5 316 168.1 
100 11 2.19778 2.85606 655.5 67 84.5 
101 1 4.20642 8.0998 1273.5 291 70.3 
101 2 3.7683 9.7924 1468.5 250 83.3 
101 3 3.88693 4.48126 888.5 299.5 79 
101 4 3.88428 6.58302 1659.5 277 33.8 
101 7 5.41124 0.283534 504 316.5 165.1 
101 10 3.97052 3.97052 1506.5 73.5 53.5 
101 11 2.24067 2.74985 653.5 68.5 81.1 
102 1 4.10171 4.69126 1279 289 68.3 
102 2 4.80539 15.3237 1455 252 98.1 
102 3 3.90501 2.74946 891.5 300.5 80.3 
102 4 3.69218 3.26595 1650.5 275 33 
102 7 5.41124 2.4 505 316.5 165.1 
102 10 2.50307 1.10215 1505.5 76 52.9 
103 1 4.08955 2.30099 1282.5 289.5 68.5 
103 2 6.1272 12.0041 1447.5 252.5 117.6 
103 3 4.00773 1.9047 893.5 300.5 82.6 
103 4 4.4412 8.63882 1627.5 273 34.5 
103 7 5.51474 10.5338 509.5 322 165 
103 10 2.63763 2.75962 1501 79 54.5 
104 1 4.07562 6.23306 1290 293.5 66.9 
104 2 6.2439 3.05125 1449 252 120.9 
104 3 3.90706 5.76627 899.5 304 80 
104 4 4.5322 6.64445 1609 270.5 33.8 
104 7 5.51472 7.45542 512 325 160.6 
104 10 2.17936 1.25686 1501 81.5 51.4 
105 1 4.11286 3.77464 1295.5 294 67.4 
105 3 3.91313 3.56888 903.5 303 79.6 
105 4 4.50996 3.54163 1601.5 263.5 34.4 
105 7 5.51694 0.619877 512.5 326.5 160.4 
105 10 2.41754 3.20322 1496 84.5 52.7 
105 11 2.17638 1.92512 654 75 77.1 
106 1 4.28076 4.05851 1300.5 296.5 70.2 
106 3 3.8965 4.4639 908 305.5 78.5 
106 4 4.46999 5.08646 1587 264.5 33.7 
106 7 5.21758 4.80874 510 324 160.7 
106 10 2.75074 4.04335 1490 88.5 54.7 
106 11 2.29612 2.05894 654 82 80.8 
107 1 4.61829 11.0277 1313 302 73.9 
107 3 3.90021 4.32847 913.5 306.5 77.7 
107 4 4.50196 5.62148 1572.5 258.5 33.5 
107 7 5.64228 7.5497 513 325 169.6 
107 10 2.44965 1.16326 1490 91 52.9 
107 11 2.22337 1.88432 654.5 88 83.6 
108 1 4.51495 1.59784 1315.5 302.5 73.2 
108 3 3.87732 1.05162 914.5 307 78.7 
108 4 4.37207 3.61145 1562.5 255.5 32.9 
108 7 5.90818 5.24578 511 326.5 174.4 
108 10 2.51373 2.59696 1486 93 54.2 
108 11 2.19393 1.58236 653.5 90.5 84.5 
109 1 4.58276 8.02837 1325.5 304 73.4 
109 3 4.02864 5.55264 920 309.5 81.6 
109 4 4.37839 5.75781 1546.5 249 32.4 
109 7 6.57871 11.7364 515.5 329 184.4 
109 10 2.56114 2.61947 1482.5 95 55.3 
109 11 2.18171 3.10934 655 87 78.1 
109 13 3.76902 3.76902 1755 91 37.2 
110 1 4.58383 3.95339 1330 304.5 72.8 
110 3 4.04816 4.53839 925 310.5 82 
110 4 4.40889 4.80156 1533.5 243.5 32.5 
110 7 5.92457 3.06994 516 331 179.4 
110 10 2.61655 3.14911 1477.5 96.5 55.2 
110 11 2.41198 4.42314 652.5 91.5 79.6 
110 13 3.60834 3.60762 1746.5 89 35.6 
111 1 4.6221 6.34481 1338 303.5 72.5 
111 3 4.10005 5.52035 931 312 81.8 
111 4 4.51151 3.69905 1523 240.5 33.6 
111 7 5.65837 0.747314 516.5 332.5 175.9 
111 10 2.43934 0.941373 1476 98.5 54.6 
111 11 2.39467 2.8773 654.5 93.5 76.7 
111 13 3.12889 2.44738 1740 86 34.4 
112 1 4.7353 5.60182 1345 303 73.1 
112 3 4.21341 2.82262 934 312 84.2 
112 4 4.71376 6.56075 1505 238.5 34.4 
112 7 5.99086 8.38987 519.5 334.5 179.1 
112 10 2.33776 1.60172 1474.5 101 53.6 
112 11 2.28817 1.4717 653.5 95 75.9 
112 13 2.83524 2.21138 1734 85 33.5 
113 1 4.76277 4.85913 1351.5 304 73.5 
113 3 3.82372 1.70959 934.5 310 78.3 
113 4 4.78148 5.80881 1489.5 238.5 34.6 
113 7 5.4734 7.51393 516.5 336.5 169.7 
113 10 2.50864 4.48961 1467.5 105.5 53.7 
113 11 2.12441 0.940208 653 92.5 72.7 
113 13 2.71313 2.49731 1727 84.5 32.6 
114 1 4.73529 4.13655 1356 306 73.1 
114 3 3.85669 2.7218 937.5 311.5 79.8 
114 4 4.73944 3.76516 1479 235 34.6 
114 7 5.97637 8.19801 519.5 339 174.2 
114 10 2.41698 1.5637 1465 108.5 53.1 
114 11 2.10264 1.84635 652.5 97 73.5 
114 14 0 0 1669.5 257.5 100.9 
115 1 4.65294 3.31812 1360 304.5 71.1 
115 3 4.0133 7.40672 945 314.5 81.6 
115 4 4.6802 4.68271 1466.5 234 34.1 
115 7 6.09209 2.78611 518 340 175.7 
115 10 2.29832 1.41471 1467.5 110.5 51.8 
115 11 2.03082 1.36454 652.5 102 74.6 
115 14 9.04727 9.04727 1660 259 85.1 
116 1 4.651 7.1551 1369.5 307.5 71.1 
116 3 4.07372 1.85797 946 311.5 82.6 
116 4 4.65211 4.31955 1454.5 235.5 34 
116 7 5.73461 10.0749 522.5 337 181.2 
116 10 2.41254 3.62482 1461.5 110.5 52.5 
116 11 2.38035 4.82558 649.5 109 80.8 
116 14 7.59953 5.84382 1666 259.5 88.5 
117 1 4.63053 4.74644 1375 309 70.9 
117 3 4.06484 5.68444 952.5 314.5 81.6 
117 4 4.61553 4.64068 1441 234 33.7 
117 7 5.88921 2.66826 521 336 186.7 
117 10 2.4922 4.16588 1454 110.5 52 
117 11 2.46744 4.3086 652 113.5 82 
117 14 6.39848 3.90102 1670.5 259 89.3 
118 1 4.73571 2.44178 1378.5 309 73.1 
118 3 4.11816 3.80458 956.5 316 82.3 
118 4 4.69634 5.8192 1425.5 231.5 34 
118 7 5.78757 7.88774 518 340 179.4 
118 10 3.02932 8.14512 1442 109.5 56.4 
118 11 2.44581 1.23305 652 117.5 83.5 
118 14 6.23227 5.19951 1675.5 257.5 91.4 
119 1 4.69888 6.25371 1386 309.5 71.8 
119 3 4.07829 7.08835 964.5 318 78.7 
119 4 4.78765 5.59901 1410.5 227 34.5 
119 7 6.54166 13.5568 523 341 190.9 
119 10 3.37643 7.10449 1432 111 58.7 
119 11 2.48344 2.93092 650.5 117 81.4 
119 14 6.0145 4.22736 1679 257 94.7 
120 1 4.86771 2.56684 1389 310.5 74.4 
120 3 4.0402 1.06617 965.5 317.5 79.8 
120 4 5.02992 7.86539 1389.5 226.5 35.5 
120 7 5.72831 9.94599 519.5 343 181.2 
120 10 3.58823 5.89386 1424.5 114 60.4 
120 11 2.61896 4.52285 653 117 80.5 
120 13 2.15265 1.93865 1675.5 95 25.3 
120 14 5.79717 4.2558 1683 257 95.9 
121 1 5.07552 7.56973 1398.5 311 76.9 
121 3 4.10161 10.4198 977.5 321 77.4 
121 4 5.04933 5.61228 1374.5 225.5 35.5 
121 7 6.19545 21.2733 527 349 187 
121 10 3.94763 6.37695 1416.5 117.5 64.3 
121 11 2.39211 0.638762 653 116.5 77 
121 13 2.25271 2.54741 1666.5 95 26 
121 14 5.23286 2.11073 1685.5 257 95.3 
122 1 5.08083 7.4112 1407 312.5 75.5 
122 3 4.17119 2.91813 980.5 323 79.9 
122 4 5.01275 4.15995 1363.5 223 35.4 
122 7 6.03544 4.65554 527 343.5 181.4 
122 10 3.9609 3.33669 1412 120.5 66 
122 11 2.61682 2.37567 653.5 123 85 
122 13 2.51045 4.42701 1650.5 94 25.9 
122 14 4.92033 2.16236 1687.5 257.5 96.9 
122 15 0 0 1539.5 225 101.3 
123 1 5.12645 8.22191 1417 313.5 75.5 
123 3 4.12776 1.73092 982 323 79.5 
123 4 4.93937 4.79189 1350 223.5 34.9 
123 7 6.26236 0.92325 527 342 187 
123 10 3.97771 4.06645 1407 123.5 66.7 
123 11 2.585 2.18015 654.5 128.5 86.7 
123 14 4.5109 2.1323 1689 257 94.7 
123 15 4.22982 4.22982 1536.5 229.5 93.2 
124 1 5.29041 5.10349 1423 312.5 77.5 
124 3 4.12001 1.78864 984.5 323 80.8 
124 4 4.97427 4.1248 1339.5 224.5 35.3 
124 7 6.22037 2.59701 528 342.5 188.9 
124 10 3.99624 3.36455 1403 126 67.5 
124 11 2.54202 3.29934 652.5 133.5 85.4 
124 13 2.53064 2.7651 1623.5 93.5 25.8 
124 14 4.37254 2.18134 1691.5 257.5 96.9 
125 1 5.35903 4.37175 1428 313 79.1 
125 3 4.32962 2.51127 986.5 324 88.2 
125 4 4.67528 3.29948 1330.5 224.5 33.5 
125 10 3.88168 3.17345 1399.5 128.5 66.8 
125 11 2.56855 2.15613 653.5 138 86.5 
125 13 2.63883 3.82124 1609 92.5 25.6 
125 14 4.46169 5.35568 1696.5 257 96.6 
125 15 3.55262 3.21402 1542.5 227.5 93.2 
126 1 5.48545 3.76617 1432.5 315 80.9 
126 3 3.9897 8.02157 995.5 325 80.7 
126 4 4.82339 4.43675 1318 223.5 34.6 
126 10 3.78181 1.98379 1397 131 67.1 
126 11 2.60897 3.11087 651.5 140.5 85.7 
126 14 4.48688 4.37424 1700 256.5 97.6 
126 15 4.21136 6.27342 1548 227 92.3 
127 1 5.56081 6.28211 1439.5 314.5 81.1 
127 3 4.28603 1.38141 995.5 325 87.6 
127 4 4.7611 4.04335 1307.5 225.5 34.3 
127 10 3.89822 5.44206 1390.5 133 68 
127 11 2.60185 3.24603 653 144.5 84.5 
127 13 2.88122 4.5399 1575.5 89.5 26.4 
127 14 4.39068 3.24053 1703 256 97.2 
127 15 3.93934 3.27664 1551 225.5 90.3 
128 1 5.28481 5.27299 1445.5 316 77.4 
128 3 4.44362 4.01996 999.5 325.5 91.2 
128 4 4.8109 6.53447 1289.5 225 34.4 
128 10 3.62948 1.4047 1389.5 135 65 
128 11 2.52665 1.55081 652.5 143.5 82.4 
128 14 4.30856 2.31428 1705 255.5 98.9 
128 15 3.27777 0.22423 1551 225.5 89.2 
129 1 5.15334 5.81607 1452 314.5 74.7 
129 3 4.33517 0.277557 999.5 325 89.8 
129 4 4.79086 4.44416 1277 222.5 34.3 
129 10 3.4765 0.749804 1390.5 135 64.1 
129 11 2.44356 1.68585 653 146.5 81.5 
129 14 4.21338 4.29566 1709.5 255 97.2 
129 15 3.17539 2.94896 1554.5 225 87.3 
130 1 5.23012 2.66934 1455 315.5 77.5 
130 3 4.65948 7.45866 1006 326.5 96.7 
130 4 4.74007 6.07544 1260.5 224.5 33.7 
130 10 3.34642 1.49622 1388.5 136.5 62.8 
130 11 2.38159 1.47254 652.5 147 80 
130 14 4.25553 4.37795 1713 254.5 98.2 
130 15 3.28711 3.92878 1558 225 87.8 
131 1 5.26109 5.08273 1461 314.5 77.5 
131 3 4.37663 3.18388 1009 327.5 92.3 
131 4 4.87361 2.73392 1253 226 35 
131 10 3.18039 1.72149 1386 138.5 60.5 
131 11 2.35683 2.91758 654.5 150 78.7 
131 14 4.32738 4.39516 1717 254.5 98.9 
131 15 3.32742 3.91188 1562.5 225 86.2 
132 1 5.25416 4.23532 1466.5 314.5 77.6 
132 3 4.19853 3.97536 1013 326.5 86.8 
132 4 4.86922 6.25037 1236.5 227 34.7 
132 10 3.09315 2.91163 1382 141 58.9 
132 11 2.34805 2.19812 655 156.5 79.6 
132 14 4.11069 2.17399 1719.5 254.5 96.9 
132 15 3.18439 1.95633 1564.5 225.5 85.4 
133 1 5.35518 5.18416 1472.5 315.5 78.5 
133 3 4.63789 8.70536 1021 330 93.8 
133 4 4.91531 5.19483 1222 226 35 
133 10 2.9824 2.47413 1380 146 57 
133 11 2.37754 4.61964 658 164 80.4 
133 14 4.1301 3.28096 1722.5 254 98.5 
133 15 3.41505 5.03117 1569 224.5 87.5 
134 1 5.52302 4.45686 1477.5 316 80 
134 3 4.7667 8.19517 1029.5 331.5 94.2 
134 4 5.02641 4.25294 1211.5 228 35.9 
134 10 2.92803 2.75366 1376.5 149.5 56 
134 11 2.33626 1.67276 658 169.5 82.8 
134 14 3.97482 2.25768 1724.5 253.5 97.5 
134 15 3.59204 4.1812 1573.5 224.5 90.2 
135 1 5.70388 7.22527 1485 315.5 81.2 
135 3 4.57337 5.3329 1034 334 89.2 
135 4 5.10382 6.16292 1195.5 227 36.2 
135 10 2.93447 1.53341 1378 151 56.9 
135 11 2.18042 1.54202 659 169 77.6 
135 14 3.85681 2.13207 1726 253 96.5 
135 15 3.55689 3.15501 1576.5 225 89.8 
136 1 5.89748 4.75654 1490.5 315.5 83.5 
136 3 4.68724 2.0661 1036 334 92.1 
136 4 5.15834 5.80581 1180.5 227 36.6 
136 10 3.07737 3.95936 1372 151.5 59.4 
136 11 2.17055 1.3251 658.5 171 78.6 
136 14 3.90779 4.33884 1730.5 252 97.2 
136 15 4.06328 9.62008 1585 223.5 91.2 
137 1 5.89546 5.71765 1496 315.5 83.4 
137 3 4.80925 3.13577 1039 334 95.1 
137 4 5.21432 6.23731 1164.5 226 36.9 
137 10 3.26009 4.86405 1365 152.5 62.3 
137 11 2.17978 1.07708 658.5 174 80.7 
137 14 3.72071 2.23444 1732.5 251 94.6 
137 15 3.75269 0.282268 1585 223 89.7 
138 1 6.31415 9.14816 1505 315.5 87.4 
138 3 4.84122 1.25203 1040.5 334.5 98.7 
138 4 5.18061 3.89217 1154.5 226.5 36.8 
138 10 3.27903 1.69506 1363 154 63.5 
138 11 2.16059 1.53628 659.5 177 81.5 
138 14 3.64032 3.07062 1735.5 251 93.4 
138 15 3.83337 5.41801 1590.5 220 89.8 
139 1 6.5614 7.32608 1512.5 313.5 88.3 
139 3 5.41163 3.93215 1043.5 334 108.8 
139 4 5.23364 4.36273 1143 225.5 37.2 
139 10 3.07119 1.25487 1362 153.5 60.2 
139 11 2.11825 1.07501 659 180 80.9 
139 14 3.78456 5.23768 1740 251 95.3 
139 15 4.03662 6.67754 1596 216.5 92 
140 1 6.644 8.43182 1520.5 313.5 89.3 
140 3 5.21897 3.82319 1046.5 336 105.6 
140 4 5.25186 5.54864 1129.5 225.5 37.2 
140 10 3.04848 4.11067 1356.5 156 59.1 
140 11 2.06128 1.04544 659 177 79.7 
140 14 3.61271 0.712627 1740 250 94.5 
140 15 4.11394 4.3028 1600 215.5 93.8 
141 1 7.22694 9.2027 1528 311 94.6 
141 3 5.44401 8.41789 1053 336 108.9 
141 4 5.35732 5.2543 1116.5 225.5 37.8 
141 10 3.02951 3.22729 1351.5 156 58.6 
141 11 2.01541 2.27843 661 179.5 77.3 
141 14 3.72614 5.2741 1745 249.5 95.5 
141 15 4.12757 5.36296 1605 213.5 93.2 
142 1 7.49976 5.95283 1533.5 311.5 96.3 
142 3 5.70897 11.0089 1062 336.5 111 
142 4 5.54973 5.00086 1104.5 226 38.8 
142 10 3.04049 3.23707 1346 157 58.8 
142 11 2.0045 1.13837 662.5 180.5 77.7 
142 14 3.58508 1.2582 1744 250 94.5 
142 15 4.08401 3.19474 1608 212 93.5 
143 1 7.27487 5.20021 1537.5 306 94.4 
143 3 5.68308 8.68337 1069 338 109.8 
143 4 5.56931 5.38286 1091.5 226 38.9 
143 10 3.33711 5.85422 1338 159 63.5 
143 11 1.97732 3.24437 665 182 75.1 
143 14 3.91256 6.68664 1750 249.5 99.5 
143 15 4.00685 0.665876 1608.5 211.5 95 
144 1 7.25971 7.06382 1543.5 303.5 96.3 
144 3 5.31442 1.28134 1070.5 338.5 106.9 
144 4 5.64599 4.22903 1081 225.5 39.5 
144 10 3.23916 4.10555 1332 159.5 61.2 
144 11 2.17825 7.02754 671.5 183.5 77.5 
144 14 3.76453 2.18533 1752.5 249 97.2 
144 15 4.049 4.36054 1612 210 95.3 
145 1 7.95195 7.55844 1549 302.5 102 
145 3 5.79509 5.35078 1074 339 114 
145 4 5.66848 5.06017 1069 226.5 39.4 
145 10 3.27666 2.26554 1329 161 62.4 
145 11 2.4401 11.1463 680.5 186.5 78.6 
145 14 4.00709 5.68206 1757.5 249 101.3 
145 15 3.79103 0.754837 1612 209 92.9 
146 1 7.46952 4.93638 1553.5 304.5 97.1 
146 3 5.8846 4.09932 1077 339.5 118.2 
146 4 5.76765 5.56606 1056.5 224 39.8 
146 10 3.32931 3.7396 1324.5 164 63.3 
146 11 2.48322 8.60532 687 192 74 
146 14 3.98734 2.36929 1759 248.5 101.7 
146 15 3.89504 5.57003 1617.5 206.5 93.8 
147 1 6.93277 2.85051 1555.5 301 91.4 
147 3 5.80527 2.42633 1078 336.5 116.1 
147 4 5.78351 5.12617 1044 223 39.8 
147 10 3.35901 4.92229 1317.5 165.5 63.1 
147 11 2.49726 3.9111 689.5 202 77.3 
147 14 4.04234 3.49917 1762 248 104.2 
147 15 3.77551 2.16837 1619.5 207 92.9 
148 1 7.47521 10.8097 1564.5 298 95 
148 3 6.41261 9.45513 1084.5 340.5 125.9 
148 4 5.78392 5.21315 1032.5 226 39.5 
148 10 3.38451 4.24645 1311 164.5 63.1 
148 11 2.57803 2.59655 688 208.5 81 
148 14 4.134 3.59572 1765.5 248.5 106.9 
148 15 3.63283 2.05456 1621 207 91.1 
